-51.2263816202, 8.10899805433
-3.396936473, 7.87198824054
45.1590246548, 7.93243330727
45.7384951953, -73.2066721802
-3.42714386964, -72.9107266853
-2.77172800229, 7.52185701112
19.1399952, -72.3570972
44.5607307927, -73.0205921546
43.6100611723, 6.58946301884
-2.73141067245, 8.27764655993
-50.3213413202, 7.07393246568
-51.2758314025, -73.091160021
-2.47453022387, -72.4698275544
44.2979255136, -72.4873645117
19.1399952, -72.3570972
-50.505288471, 7.6154200698
-2.77032857828, 8.45085972386
43.3953722545, 7.12287052714
45.8072900754, -73.1907339308
-2.95197936965, -72.2507948297
-3.37159885987, 7.61851969812
19.1399952, -72.3570972
44.9471915554, -71.7312374845
43.434079994, 7.05564264826
-3.77755921359, 7.3140029803
-2.1765448219, -72.9980908924
45.5157039055, -72.0750205454
-2.6665636247, -71.758301384
-52.4282156352, -73.7745944789
-50.711316091, 8.37083156669
-2.51838084051, 7.54880895033
19.1399952, -72.3570972
45.0778663225, -72.5092560673
-3.09237153981, -71.5875397405
-2.54013043815, 8.29075062273
-51.2650141235, 7.38182033986
-51.3843804847, -72.6927837569
-3.47113449173, -73.2910711802
19.1399952, -72.3570972
43.951979572, 7.34734479231
45.0774665767, -72.6653555968
-1.64013868935, -71.880258046
-2.5651543193, 7.15699499792
-51.1302541808, 6.61409584651
-51.6645314915, -72.2889667536
19.1399952, -72.3570972
-50.9537618541, 7.86695357465
-3.39854486395, 7.54749242771
44.1875549665, 8.41825012463
44.5392940445, -72.5272725636
-2.11328803913, -71.5479514771
-3.68109586997, 8.3987557492
19.1399952, -72.3570972
-50.3640122893, 7.42600497636
-3.20207550584, 8.67050872668
43.7000729441, 6.93679182633
45.0580573149, -71.7938069637
-3.31919012843, -72.2350798982
-3.46384596989, 8.17271197177
19.1399952, -72.3570972
44.2842879927, -72.7735510253
-3.32885065011, -73.176847501
-2.4505637663, 7.42942648896
44.4455780729, 8.40633450195
-2.42629846443, 8.67464696509
-51.6986157517, 6.67583285244
19.1399952, -72.3570972
44.6513902796, 8.20328564618
-3.53964840101, 7.99538219466
-51.2036099499, 6.99221399195
19.1399952, -72.3570972